885
1761
2261
11122
11511
21839
26926
31735
42628
45472
46804
47112
47801
52996
55022
60102
69224
79014
84492
93965
97585
97924
100489
101884
111036
116479
125806
126216
127092
143961
145665
147415
154000
157213
157365
177935
187144
201775
202339
209613
211825
223789
231088
233727
241297
244099
248112
254368
255401
270474
289222
291861
292005
309964
311883
325347
327306
328430
331604
333956
336209
340015
344816
349480
355169
377393
377497
393469
407518
407524
419096
433915
441468
446005
449661
453634
455597
458768
463174
476770
476787
478721
479248
479912
482978
514797
515577
515828
521719
523957
524742
527029
528314
543043
548780
561958
572462
576052
578236
578871
